10346
46019
12420
10346
46019
12420
10346
46019
12420
12966
43314
11242
12966
43314
11242
12966
43314
11242
13174
11330
9456
13174
11330
9456
13174
11330
9456
13270
44012
9568
13270
44012
9568
13270
44012
9568
45796
11366
44826
45796
11366
44826
45796
11366
44826
11316
41246
9431
11316
41246
9431
11316
41246
9431
44817
5219
9958
44817
5219
9958
44817
5219
9958
45755
13891
13051
45755
13891
13051
45755
13891
13051
46180
13402
45680
46180
13402
45680
46180
13402
45680
45450
12241
10339
45450
12241
10339
45450
12241
10339
14077
11198
10993
14077
11198
10993
14077
11198
10993
45970
46185
46610
45970
46185
46610
45970
46185
46610
44277
45431
10465
44277
45431
10465
44277
45431
10465
43245
45219
13812
43245
45219
13812
43245
45219
13812
11102
46723
46763
11102
46723
46763
11102
46723
46763
46462
12434
46147
46462
12434
46147
46462
12434
46147
44194
11241
47055
44194
11241
47055
44194
11241
47055
43974
12714
47167
43974
12714
47167
43974
12714
47167
44059
45236
11172
44059
45236
11172
44059
45236
11172
44161
12350
39165
44161
12350
39165
44161
12350
39165
6459
10260
10793
6459
10260
10793
6459
10260
10793
7279
46811
9602
7279
46811
9602
7279
46811
9602
13444
45095
12252
13444
45095
12252
13444
45095
12252
13387
46821
7427
13387
46821
7427
13387
46821
7427
37379
11981
8632
37379
11981
8632
37379
11981
8632
44459
46470
45047
44459
46470
45047
44459
46470
45047
13528
13354
43071
13528
13354
43071
13528
13354
43071
43245
11733
46572
43245
11733
46572
43245
11733
46572
11330
14478
9386
11330
14478
9386
11330
14478
9386
46270
45765
44518
46270
45765
44518
46270
45765
44518
44187
13486
13030
44187
13486
13030
44187
13486
13030
43262
44267
11914
43262
44267
11914
43262
44267
11914
13369
44390
41664
13369
44390
41664
13369
44390
41664
12920
45763
12704
12920
45763
12704
12920
45763
12704
14431
44684
46112
14431
44684
46112
14431
44684
46112
45372
13594
10342
45372
13594
10342
45372
13594
10342
43016
12288
12893
43016
12288
12893
43016
12288
12893
46132
8534
11784
46132
8534
11784
46132
8534
11784
45649
13920
46260
45649
13920
46260
45649
13920
46260
11438
44199
13878
11438
44199
13878
11438
44199
13878
45797
12731
10495
45797
12731
10495
45797
12731
10495
44322
12769
43835
44322
12769
43835
44322
12769
43835
45304
12854
44202
45304
12854
44202
45304
12854
44202
46380
44221
41496
46380
44221
41496
46380
44221
41496
45231
46064
43741
45231
46064
43741
45231
46064
43741
11686
11592
13788
11686
11592
13788
11686
11592
13788
13748
7190
46896
13748
7190
46896
13748
7190
46896
44495
11588
9979
44495
11588
9979
44495
11588
9979
45935
42247
47343
45935
42247
47343
45935
42247
47343
44136
11853
44299
44136
11853
44299
44136
11853
44299
44978
12868
46605
44978
12868
46605
44978
12868
46605
44343
11040
45300
44343
11040
45300
44343
11040
45300
10646
44426
47198
10646
44426
47198
10646
44426
47198
45540
14779
10408
45540
14779
10408
45540
14779
10408
44462
13247
43821
44462
13247
43821
44462
13247
43821
46409
45954
12742
46409
45954
12742
46409
45954
12742
12431
42206
13032
12431
42206
13032
12431
42206
13032
10482
12774
46778
10482
12774
46778
10482
12774
46778
44292
11667
13978
44292
11667
13978
44292
11667
13978
13583
14520
43710
13583
14520
43710
13583
14520
43710
40062
44086
44554
40062
44086
44554
40062
44086
44554
12284
12430
44225
12284
12430
44225
12284
12430
44225
45250
45383
42605
45250
45383
42605
45250
45383
42605
12472
42731
12341
12472
42731
12341
12472
42731
12341
13489
7405
13366
13489
7405
13366
13489
7405
13366
7909
46465
46459
7909
46465
46459
7909
46465
46459
47016
46532
12980
47016
46532
12980
47016
46532
12980
11302
47204
43859
11302
47204
43859
11302
47204
43859
43009
9441
45457
43009
9441
45457
43009
9441
45457
45641
12171
10643
45641
12171
10643
45641
12171
10643
46572
46928
44624
46572
46928
44624
46572
46928
44624
13473
10287
10738
13473
10287
10738
13473
10287
10738
13243
12321
45657
13243
12321
45657
13243
12321
45657
47123
46082
45975
47123
46082
45975
47123
46082
45975
11516
12939
13599
11516
12939
13599
11516
12939
13599
11978
46536
45683
11978
46536
45683
11978
46536
45683
12735
45259
42416
12735
45259
42416
12735
45259
42416
11833
10979
43908
11833
10979
43908
11833
10979
43908
14570
43345
45698
14570
43345
45698
14570
43345
45698
13174
13468
45192
13174
13468
45192
13174
13468
45192
47174
11338
9290
47174
11338
9290
47174
11338
9290
47273
7823
43388
47273
7823
43388
47273
7823
43388
12726
44889
46290
12726
44889
46290
12726
44889
46290
45725
45201
47146
45725
45201
47146
45725
45201
47146
45326
47161
44727
45326
47161
44727
45326
47161
44727
47220
45524
45530
47220
45524
45530
47220
45524
45530
43117
9781
6386
43117
9781
6386
43117
9781
6386
13989
12626
43695
13989
12626
43695
13989
12626
43695
11457
10633
46773
11457
10633
46773
11457
10633
46773
46339
45491
13820
46339
45491
13820
46339
45491
13820
12984
10803
11264
12984
10803
11264
12984
10803
11264
44049
11715
43660
44049
11715
43660
44049
11715
43660
12696
45297
44062
12696
45297
44062
12696
45297
44062
11542
45424
10502
11542
45424
10502
11542
45424
10502
11732
13188
11871
11732
13188
11871
11732
13188
11871
11694
45872
44584
11694
45872
44584
11694
45872
44584
10241
12257
34734
10241
12257
34734
10241
12257
34734
13202
12530
46373
13202
12530
46373
13202
12530
46373
12333
46854
13477
12333
46854
13477
12333
46854
13477
46014
12379
43800
46014
12379
43800
46014
12379
43800
44595
44064
44781
44595
44064
44781
44595
44064
44781
46002
12973
13382
46002
12973
13382
46002
12973
13382
46071
46849
45365
46071
46849
45365
46071
46849
45365
43483
11281
45218
43483
11281
45218
43483
11281
45218
14210
36398
46631
14210
36398
46631
14210
36398
46631
45068
44693
45497
45068
44693
45497
45068
44693
45497
45193
12378
44038
45193
12378
44038
45193
12378
44038
13439
7473
13395
13439
7473
13395
13439
7473
13395
40637
46416
43711
40637
46416
43711
40637
46416
43711
10551
10927
12344
10551
10927
12344
10551
10927
12344
42623
44494
11525
42623
44494
11525
42623
44494
11525
12504
44894
43910
12504
44894
43910
12504
44894
43910
12976
42972
45240
12976
42972
45240
12976
42972
45240
47051
45405
45126
47051
45405
45126
47051
45405
45126
45319
14052
13718
45319
14052
13718
45319
14052
13718
7953
44656
11430
7953
44656
11430
7953
44656
11430
45270
43128
11814
45270
43128
11814
45270
43128
11814
11747
11268
45590
11747
11268
45590
11747
11268
45590
45095
13028
10775
45095
13028
10775
45095
13028
10775
45925
46189
42479
45925
46189
42479
45925
46189
42479
45517
47179
45051
45517
47179
45051
45517
47179
45051
45010
12775
9686
45010
12775
9686
45010
12775
9686
11225
45443
46351
11225
45443
46351
11225
45443
46351
45102
43610
12763
45102
43610
12763
45102
43610
12763
6649
45179
44397
6649
45179
44397
6649
45179
44397
12377
44783
46823
12377
44783
46823
12377
44783
46823
47003
10147
46753
47003
10147
46753
47003
10147
46753
45755
13066
43519
45755
13066
43519
45755
13066
43519